Header
------------
0x42   
0x00   
0x00   
0x00   
0x00   
0x00   
0x00   
0x18   
0x00   
0x00   
0x00   
0x00   
0x00   

Pixels
------------
255 255 255 |0   0   0   |255 255 255 |255 255 255 |255 255 255 |255 255 255 |255 255 255 |255 255 255 |255 255 255 |255 255 255 |0   0   0   |255 255 255 |255 255 255 |0   0   0   |255 255 255 |255 255 255 |;

255 255 255 |255 255 255 |255 255 255 |255 255 255 |255 255 255 |255 255 255 |0   0   0   |255 255 255 |255 255 255 |0   0   0   |255 255 255 |255 255 255 |255 255 255 |255 255 255 |255 255 255 |255 255 255 |;

255 255 255 |255 255 255 |0   0   0   |255 255 255 |255 255 255 |0   0   0   |255 255 255 |0   0   0   |0   0   0   |0   0   0   |0   0   0   |0   0   0   |0   0   0   |255 255 255 |0   0   0   |255 255 255 |;

255 255 255 |0   0   0   |255 255 255 |255 255 255 |255 255 255 |255 255 255 |255 255 255 |255 255 255 |255 255 255 |255 255 255 |0   0   0   |255 255 255 |255 255 255 |0   0   0   |255 255 255 |255 255 255 |;

255 255 255 |255 255 255 |255 255 255 |255 255 255 |255 255 255 |255 255 255 |0   0   0   |255 255 255 |255 255 255 |0   0   0   |255 255 255 |0   0   0   |0   0   0   |0   0   0   |0   0   0   |0   0   0   |;

0   0   0   |255 255 255 |0   0   0   |255 255 255 |255 255 255 |0   0   0   |255 255 255 |255 255 255 |255 255 255 |255 255 255 |255 255 255 |255 255 255 |255 255 255 |255 255 255 |0   0   0   |255 255 255 |;

255 255 255 |0   0   0   |255 255 255 |255 255 255 |255 255 255 |255 255 255 |255 255 255 |255 255 255 |255 255 255 |255 255 255 |0   0   0   |255 255 255 |255 255 255 |0   0   0   |255 255 255 |0   0   0   |;

0   0   0   |0   0   0   |0   0   0   |0   0   0   |0   0   0   |255 255 255 |0   0   0   |255 255 255 |255 255 255 |0   0   0   |255 255 255 |255 255 255 |255 255 255 |255 255 255 |255 255 255 |255 255 255 |;

255 255 255 |255 255 255 |0   0   0   |255 255 255 |255 255 255 |0   0   0   |255 255 255 |255 255 255 |255 255 255 |255 255 255 |255 255 255 |255 255 255 |255 255 255 |255 255 255 |0   0   0   |255 255 255 |;

255 255 255 |0   0   0   |255 255 255 |255 255 255 |255 255 255 |255 255 255 |255 255 255 |255 255 255 |255 255 255 |255 255 255 |0   0   0   |255 255 255 |255 255 255 |0   0   0   |255 255 255 |255 255 255 |;

255 255 255 |255 255 255 |255 255 255 |255 255 255 |255 255 255 |255 255 255 |0   0   0   |255 255 255 |255 255 255 |0   0   0   |255 255 255 |255 255 255 |255 255 255 |255 255 255 |255 255 255 |255 255 255 |;

